
   THREAD# date        Day    total    h00    h01    h02    h03    h04    h05    h06    h07    h08    h09    h10    h11    h12    h13    h14    h15    h16    h17    h18    h19    h20    h21    h22
---------- ----------- --- -------- ------ ------ ------ ------ ------ ------ ------ ------ ------ ------ ------ ------ ------ ------ ------ ------ ------ ------ ------ ------ ------ ------ ------
   h23
------
         1 14 NOV 2025 Fri       99      1      3      1      1      1      3      7      6      7     13      7      5      4      4      4      4      3      5      5      4      4      3      2
     2

         2 14 NOV 2025 Fri       92      2      1      1      3      2      2      5      6      6     11      5      3      6      4      3      5      4      4      4      3      4      3      3
     2

         1 15 NOV 2025 Sat       67      3      1      1      1      1      2      5      5      3      3      3      3      4      3      3      3      3      4      3      3      3      3      2
     2

         2 15 NOV 2025 Sat       78      3      2      1      1      2      2      6      8      3      4      4      6      3      4      3      3      4      3      3      4      2      3      2
     2

         1 16 NOV 2025 Sun       72      3      1      1      1      2      2      5      6      3      3      3      3      3      4      3      3      4      3      4      4      3      3      3
     2

         2 16 NOV 2025 Sun       77      4      1      1      1      1      2      6      7      3      4      3      4      3      3      4      3      3      5      4      3      4      3      3
     2

         1 17 NOV 2025 Mon      109      2      2      1      1      2      2      7      7      6     15      6     11      5      3      9      7      2      3      4      4      3      3      2
     2

         2 17 NOV 2025 Mon      108      2      2      1      2      1      3      4     10      7     13      6      7      4      5      9      6      4      3      4      4      4      3      3
     1

         1 18 NOV 2025 Tue       90      2      1      0      1      2      7      7      5      2      6      8      7      4      5      5      5      4      3      3      3      4      2      3
     1

         2 18 NOV 2025 Tue       90      2      1      1      1      2      5      5      9      3      7      7      8      3      4      5      3      4      4      3      3      3      3      3
     1

         1 19 NOV 2025 Wed       81      2      1      1      1      1      2      6      5      4      8      7      3      3      4      3      4      3      4      3      4      4      3      3
     2

         2 19 NOV 2025 Wed       92      2      2      0      1      2      2      5      7      4      8     12      4      4      5      4      3      4      4      4      4      4      3      2
     2

         1 20 NOV 2025 Thu       88      3      1      1      1      2      2      4      6      4     10     10      4      3      3      3      4      4      4      5      3      3      3      3
     2

         2 20 NOV 2025 Thu       91      3      1      1      1      2      3      7     12      4      7      5      4      4      3      3      5      4      3      4      3      4      3      3
     2

         1 21 NOV 2025 Fri      124      4      1      2      2      2      4      9      9      6     10     13      7      5      5      4      5      6      6      5      5      5      4      3
     2

         2 21 NOV 2025 Fri      124      4      2      1      2      2      4      6      8      9      9     12      7      6      6      4      6      5      6      6      5      5      4      3
     2

         1 22 NOV 2025 Sat       73      2      2      1      1      2      2      4      7      3      4      3      4      4      3      4      3      3      4      4      3      3      3      3
     1

         2 22 NOV 2025 Sat       81      3      2      1      1      2      2      8      7      3      4      4      3      4      4      3      4      3      4      4      3      4      4      2
     2

         1 23 NOV 2025 Sun       77      4      1      1      1      1      2      5      8      2      4      4      3      3      4      3      4      4      3      4      4      4      3      3
     2

         2 23 NOV 2025 Sun       79      3      1      1      1      1      2      5      5      3      4      4      5      3      4      5      4      3      4      5      4      4      3      3
     2

         1 24 NOV 2025 Mon      125      2      1      1      1      2      2      4      8     15     15     16     17      4      4      4      4      3      4      3      5      3      3      2
     2

         2 24 NOV 2025 Mon      125      2      2      1      1      2      2      6      4     16     15     15     12      6      4      6      4      4      4      4      4      3      3      3
     2

         1 25 NOV 2025 Tue       94      2      1      1      1      1      2      6      7      4      9     10      7      3      3      3      3      4      3      4      4      3      4      5
     4

         2 25 NOV 2025 Tue      100      1      1      1      1      2      2      4      6      6     10     13      7      3      4      3      3      3      4      4      4      4      5      6
     3

         1 26 NOV 2025 Wed      130      5      3      2      3      3      3      6      7      7      5     10     11      4      4     12      5      6      5      5      7      5      5      4
     3

         2 26 NOV 2025 Wed      134      3      2      3      3      2      4      9      6      5      5     11     11      6      7     12      6      5      6      4      7      5      5      4
     3

         1 27 NOV 2025 Thu      124      3      3      2      2      2      4      6      8      4     11     16      5      5      5      5      5      6      5      5      4      6      4      5
     3

         2 27 NOV 2025 Thu      145      4      3      2      3      4      3      7      9      5      8     23      9      8      6      4      6      5      7      5      6      5      5      4
     4

         1 28 NOV 2025 Fri      136      4      3      3      2      4      4      8      8      5     12      8      8      5      6      6      7      6      6      6      5      6      5      5
     4

         2 28 NOV 2025 Fri      142      4      2      2      3      2      4      6      8      7     16      9      9      7      5      8      6      6      6      6      7      6      5      5
     3

         1 29 NOV 2025 Sat      113      3      3      3      2      2      4      6      8      6      6      5      6      5      6      5      5      5      5      5      5      6      4      4
     4

         2 29 NOV 2025 Sat      115      4      3      3      3      3      4      8      8      6      5      5      5      5      5      5      5      5      6      5      5      5      4      4
     4

         1 30 NOV 2025 Sun      345      4      3      2      3      3      3      6      8      5      5      5      5      5      5     22     31     30     24     31     28     30     29     28
    30

         2 30 NOV 2025 Sun      401      4      4      2      2      3      3      8     12      5      6      6      6      5      5     18     29     30     29     44     42     39     33     39
    27

         1 01 DEC 2025 Mon      671     23     22     24     23     23     26     29     28     40     59     29     28     23     29     24     32     27     32     24     25     24     18     27
    32

         2 01 DEC 2025 Mon      617     19     24     23     22     19     21     25     27     30     59     24     28     25     27     21     26     22     29     23     23     26     21     26
    27

         1 02 DEC 2025 Tue      629     25     20     21     25     23     23     28     24     22     33     25     24     21     29     23     22     28     31     35     31     25     30     35
    26

         2 02 DEC 2025 Tue      606     25     22     22     26     17     21     24     26     18     26     24     19     20     31     26     28     27     41     28     26     21     35     32
    21

         1 03 DEC 2025 Wed      589     19     22     19     21     19     21     23     26     24     31     26     34     23     24     25     26     26     24     25     28     29     25     28
    21

         2 03 DEC 2025 Wed      574     17     22     20     20     18     19     26     30     23     32     26     27     20     22     18     25     23     24     22     25     35     36     27
    17

         1 04 DEC 2025 Thu      647     21     21     22     21     21     21     29     24     31     26     28     33     24     29     43     34     27     27     31     29     29     25     28
    23

         2 04 DEC 2025 Thu      587     18     18     19     15     21     19     23     28     27     23     21     30     21     29     27     30     19     26     29     29     37     22     28
    28

         1 05 DEC 2025 Fri      733     34     23     32     26     23     31     53     65     33     26     40     28     23     26     25     22     23     26     31     31     32     26     30
    24

         2 05 DEC 2025 Fri      691     36     24     26     22     22     34     57     57     35     25     42     23     22     22     26     24     22     24     23     30     23     23     29
    20

         1 06 DEC 2025 Sat      628     23     25     28     20     20     23     31     38     27     28     31     27     25     29     25     23     24     25     27     24     32     25     25
    23

         2 06 DEC 2025 Sat      600     25     23     25     17     16     20     29     49     29     25     31     28     21     31     20     21     17     23     25     25     27     27     25
    21

         1 07 DEC 2025 Sun      607     27     20     19     19     21     26     36     32     27     26     23     25     22     30     28     25     25     24     24     25     23     22     29
    29

         2 07 DEC 2025 Sun      566     27     20     19     17     18     20     35     32     26     23     22     20     20     26     31     23     23     25     22     20     24     26     23
    24

         1 08 DEC 2025 Mon      651     23     24     19     22     31     23     27     28     26     30     25     34     27     25     21     25     34     48     25     30     25     23     23
    33

         2 08 DEC 2025 Mon      602     18     18     17     20     27     22     26     26     27     26     25     38     32     22     22     24     29     36     24     28     25     20     20
    30

         1 09 DEC 2025 Tue      772     21     28     27     23     24     32     32     30     23     34     48     47     48     58     39     25     30     37     32     23     28     33     26
    24

         2 09 DEC 2025 Tue      701     20     30     22     24     28     33     29     30     21     33     43     42     45     47     30     23     22     35     32     21     22     30     21
    18

         1 10 DEC 2025 Wed      717     23     35     25     20     27     24     32     29     28     32     26     29     33     29     27     29     26     59     38     28     28     29     31
    30

         2 10 DEC 2025 Wed      636     20     28     22     19     20     23     30     23     21     23     22     23     30     30     30     34     24     50     27     28     28     25     32
    24

         1 11 DEC 2025 Thu      782     29     24     22     27     26     23     31     36     30     33     53     41     33     26     26     35     43     41     36     28     26     29     44
    40

         2 11 DEC 2025 Thu      715     23     20     20     23     24     22     22     26     22     30     52     50     34     27     23     25     52     41     38     31     22     27     32
    29

         1 12 DEC 2025 Fri      731     37     30     32     25     26     32     26     34     31     30     61     31     26     30     34     27     22     26     26     35     28     26     27
    29

         2 12 DEC 2025 Fri      715     36     30     27     23     26     26     24     32     34     35     65     31     25     33     30     25     24     31     23     29     27     23     31
    25

         1 13 DEC 2025 Sat      677     23     24     23     19     24     26     35     34     30     29     32     31     27     27     30     27     39     32     29     32     25     27     24
    28

         2 13 DEC 2025 Sat      641     21     22     18     18     19     24     32     42     30     27     25     35     25     24     30     26     34     29     28     30     26     26     22
    28

         1 14 DEC 2025 Sun      724     30     35     28     23     23     32     38     39     28     26     30     30     40     32      4      0      0      0    145     27     25     28     30
    31

         2 14 DEC 2025 Sun      669     24     29     28     23     22     30     33     33     23     27     27     32     31     31      2      0      0      0    145     25     25     23     25
    31

         1 15 DEC 2025 Mon      698     25     24     26     29     25     26     30     31     31     46     40     39     25     31     26     26     25     29     25     28     28     29     24
    30

         2 15 DEC 2025 Mon      654     20     20     20     21     21     22     24     25     30     49     48     39     27     28     22     25     25     22     23     22     26     39     24
    32

         1 16 DEC 2025 Tue      696     30     31     27     24     24     25     32     29     36     36     35     43     31     25     31     36     50     40     34     28     18      9     11
    11

         2 16 DEC 2025 Tue      623     30     27     26     21     19     20     30     26     32     29     31     33     30     20     29     29     42     32     32     29     32      8      9
     7

         1 17 DEC 2025 Wed      238      8      8      9      8      9     10     10     10      9     14      9      9     10      8     10     14     11     11     11     14      9      9      8
    10

         2 17 DEC 2025 Wed      215      7      5     10     10      7      9      8      8      7     11     11      9      8      7     12     10     10     11      9     13      9      8      8
     8

         1 18 DEC 2025 Thu      277      8      9      9     10     11     11     11     10      9     13     18     18      8     10     11     21     16     11      9      9     10     13     11
    11

         2 18 DEC 2025 Thu      242      7      7      8      7      9     11     12      9     10     10     12     14      9      9     12     12     15      9      9      7     12     11     11
    10

         1 19 DEC 2025 Fri      253      8      7      7      7     10     10     14     10     13     15     15     11     13     13     10     10     10      9      9     11     12     11      9
     9

         2 19 DEC 2025 Fri      221      9      7      6      7      9      8     11     10      9     12     10      9      9     12     11      8      7     10      8      9     12     10     10
     8

         1 20 DEC 2025 Sat      251      9      8      7     11      8      8     10     11      9     10      9     12     14     13     13     18     13     11      9     11     10     11      8
     8

         2 20 DEC 2025 Sat      229      7      9      8      9      7      7      8     11      7      9      8     13     16     15     12     15     11      9      8      9      8      8      7
     8

         1 21 DEC 2025 Sun      244      9      8      8      8      8      9     12     12      9      8     12     13     12     12     12     11     13     10      9      8     10     10     12
     9

         2 21 DEC 2025 Sun      220      7      6      7      8      5      9     11     13      8      8     12     11     12      9      9     11     10      9      8     10     10     10      9
     8

         1 22 DEC 2025 Mon      266      9      8      7     12      9      9     10     12     23     17      9     12     11     11     13     14      9     10      9     10     11     10     13
     8

         2 22 DEC 2025 Mon      264      7      7      8     10      8     10      9     13     18     16     12     11     18      9     15     13     11      8     13      8     11     11     10
     8

         1 23 DEC 2025 Tue      257      8      7      9     10      9      9      9     10      9      9     12     13     11     19     12     13     21     12      9      9      9     10      9
     9

         2 23 DEC 2025 Tue      228      7      6      8      7      8      8      9     10      8      9     12     12     11     18     12     11     13     11      8      7      9     11      6
     7

         1 24 DEC 2025 Wed      273     10      8     12      9      9      8     11     13      9     15     14     12     10     16     16     15     15      5     20      9     10     10      8
     9

         2 24 DEC 2025 Wed      274      8      7     11      8      9      7     11     13     10     16     15     11     13     15     18     14     12      8     25     10      8      9      8
     8

         1 25 DEC 2025 Thu      241     12     10     11      9      8     10     11     14     10      9     10     10     11     10     10     10     16      9     10     11      9      7      7
     7

         2 25 DEC 2025 Thu      237     10     11      8      7      7     12     10     13      9     11      8     12     10      9      9     11     17      8      9     15     14      6      6
     5

         1 26 DEC 2025 Fri      233      6      7      7      8      8      9     20     11     10      8      9      9     10     11      9     11      9     10      9      9     11      9     12
    11

         2 26 DEC 2025 Fri      218      6      6      7      6      7     10     19      9      7      8      9     11      9     13      9     10      8      8      7     10      9     10     11
     9

         1 27 DEC 2025 Sat      228      9      8      8      9      8      8     11     11     12     10     10      9     10     12     10      9      9      8      9      8     10      9      9
    12

         2 27 DEC 2025 Sat      207      9      9      7      7      7      8      9      8     10     10      8      7      9     13      7      9      8      8     11      8      9      9      8
     9

         1 28 DEC 2025 Sun      259     10      7      7      8      9      9     14     13     12     10     10     10     11     13     13     10     12     10     11     12     13     15     11
     9

         2 28 DEC 2025 Sun      266     12      6      7      7      9      8     10     10     11     13     14     11     14     15     13     11     12     13     11     15     11     13     12
     8

         1 29 DEC 2025 Mon      264     10     13      9     10      9      9      9     10     12     23     18     11     10     11     11     11      8      9     10      9     11     10     10
    11

         2 29 DEC 2025 Mon      268      8     11     11     10      8      8     10     11     13     25     16     10      9     10     12     14      8      9     12     10      9     11     15
     8

         1 30 DEC 2025 Tue      280     10     11      8      9     11     10     13     12      9     16     17      9     12     10     20     14     11     12     10     12     10     12      9
    13

         2 30 DEC 2025 Tue      272     12      9      9      9     10     10     15      9     11     14     13      8     12     11     15     12     10     11     12     12     11     12     12
    13

         1 31 DEC 2025 Wed      268      9      8     10      9     10     10      9     14     15     10     12     12     10     10     10     13     15     12     13     13     12     10     12
    10

         2 31 DEC 2025 Wed      284     12     11      8     10     12     15     12     13     13     11     15     13      8     11      9     13     10     10     16     13     14     12     13
    10

         1 01 JAN 2026 Thu      253      9     14      9      8      8      9     11     11     11     13     12      9     14     10      9     10      9     12     11     10     10     12     10
    12

         2 01 JAN 2026 Thu      248     13     10     10      9      7     10      9     12     13     11     12      8      8      8     11     10     10     11     10     12      9     13     12
    10

         1 02 JAN 2026 Fri      212      9      7      6      3      3      2     10      8      7      9     11     13     11      8     10      9     10     13     11     10      9     10     11
    12

         2 02 JAN 2026 Fri      204      6      6      6      3      1      0     14     13      5      7     13      9     13      7     10     10     13     10     11     10      7     10     11
     9

         1 03 JAN 2026 Sat      246      6     13      8     12      8     12     11     12     10     11      8      8      9      8     10     13     12      9     10     13     11     10     11
    11

         2 03 JAN 2026 Sat      279      6     14     11     16      9     12     12     12     11     10     10     10     11     11     11     18     17      9     11     12     12     10     12
    12

         1 04 JAN 2026 Sun      316     15     15     11     11     14     14     15     15     15     14     15     17     11     10     11      9     14     13     13     13     12     12     12
    15

         2 04 JAN 2026 Sun      308     12     13      8     16     10     11     12     16     13     15     15     14     12     11     13     12     13     14     15     13     11     15     11
    13

         1 05 JAN 2026 Mon      297     10      8     10     11     12      9     11     15     16     17     19     15     12     16     11     13     11     12     12     12     14     10      9
    12

         2 05 JAN 2026 Mon      322     13     14     14     13     13     10     15     13     10     23     23     12     11     12     12     12     14     11     13     15     18     13      8
    10

         1 06 JAN 2026 Tue      289     11     14     12     10     12     11      6     15     14     12     12     11     11     13     13     14     11     14     12     13     10     15     11
    12

         2 06 JAN 2026 Tue      307     13     16     13     13     14     10      9     14     12     14     13     13     13     16     13     16     10     13     14     12     11     14     11
    10

         1 07 JAN 2026 Wed      342      8     15     14     11      9     15     16     13     14     17     13     20     14     15     16     16     15     14     19     12     14     17     12
    13

         2 07 JAN 2026 Wed      345     10     13     16     12     10     13     12     15     11     17     17     16     15     16     15     18     15     14     19     11     13     19     16
    12

         1 08 JAN 2026 Thu      288     10     13     11     10     11     10     15     11     12     17     16      7     10     17     11     11      8     14     11     19     13      9     12
    10

         2 08 JAN 2026 Thu      273     13     14     10     10     10     11     12     13      9     14     17     12     11     11     11     10      9     11     10     14      9     10     11
    11

         1 09 JAN 2026 Fri      322     14     14     11      9     19     10     12     15     15     13     21     10     11     13      9     12     16     16     13     10     13     13     14
    19

         2 09 JAN 2026 Fri      319     15     16      9      9     12     12     16     20     13     10     15      9     12     11     13     16     11     19     14     12     12     11     13
    19

         1 10 JAN 2026 Sat      316     12     13     13     12     13     12     15     13     16     16     11     15     13     14     15     14      9     16      9     10     14     16     12
    13

         2 10 JAN 2026 Sat      324     16     12     13     15     13     15     18     14     12     15     11     18     12     12     15     14      9     12      9      9     14     19     13
    14

         1 11 JAN 2026 Sun      293     13     12     12     13     12     13     12     11     12     14     11     14     12     12     11     11     16     12     11     11     13     12     11
    12

         2 11 JAN 2026 Sun      309     17      9     13     14     11     11     10     13     14     12      9     13     14     14     10     15     15     12     13     17     13     13     14
    13

         1 12 JAN 2026 Mon      309     12     11     12     10     10     10      9     16     12     19     15     20     16     13     12     15     12     12     14     14      9     13     12
    11

         2 12 JAN 2026 Mon      328     13     10     10     15     10      9     15     16     14     22     20     20     17     10     12     14     13     13     13     13     12     14     12
    11

         1 13 JAN 2026 Tue      269     12     10     12     10     11      9     11     13      8     13     11     12     11     11     12     11     14     12     16     10     11      9     11
     9

         2 13 JAN 2026 Tue      283      8     10     12     11      8     13     12     12     10     11     13     14     19     16     13     14     12     10     12     11     10     10     11
    11

         1 14 JAN 2026 Wed      309      9     12     11     13     13     12     14     12     20     15     20     11      7     17     11     14     13     13     13     10     13     13     13
    10

         2 14 JAN 2026 Wed      318      8     11     10     10     14     16     16     16     17     15     17     12     11     14     10     12     17     10     15     14     13     12     17
    11

         1 15 JAN 2026 Thu      310     11     14     10     13     11     10     15     14     10     11     14     15     15     19     10     15     18     12     11     12     14     12     11
    13

         2 15 JAN 2026 Thu      326     11     12     10     11     13     12     11     14     16     13     17     16     18     18     13     15     22     15      9     14     11     13      9
    13

         1 16 JAN 2026 Fri      279     20     10     10     12     11     13     12     14      9     10     13     12     13     11     11      8     14     11     11      8     13     10      8
    15

         2 16 JAN 2026 Fri      294     22      9     15     13     12     11     13     12     13     10     12     15     14      9     14      9     14     11     10     11     10     11     12
    12

         1 17 JAN 2026 Sat      286     16     16     14     12     11      9     14     12     12     14     13     12     11     12     12     11     12     15      9     10      9     11     11
     8

         2 17 JAN 2026 Sat      296     14     14     11     13     12      9     12     12     12     13     11     11     12     13     14     14     14     18     12     10     11     12     14
     8

         1 18 JAN 2026 Sun      295     14     13     12     12     11      9     11     12     13      9     15     12     14     15     11     12     11     13     13     10     13     13     13
    14

         2 18 JAN 2026 Sun      302     12     11     10     12     12     10     10     12     14     13     13     11     14     15     13     12     18     15     11     11     16     11     13
    13

         1 19 JAN 2026 Mon      327     16     10     15     13      9     12     15     16     13     21     18     17     18     11     12     15     14      8     11     14     15     11     14
     9

         2 19 JAN 2026 Mon      314     12     10     14     12     10     14     15     11     16     16     22     16     16     11     13     15     13     11      9     11     11     10     13
    13

         1 20 JAN 2026 Tue      269     12     10     13      9     10      9     11     12     13     11     13     14     13     12     11     19      8     10     12      8      9      7      9
    14

         2 20 JAN 2026 Tue      261     11      8     11      9     10      9     10      9      8     13     15     13     11     14     14     12     11     11      9      7      8     13     12
    13

         1 21 JAN 2026 Wed      270     10     10     14      9     11     13      8     14     12     11     10     18      9     10      8     11     16     12     12     11     12     10      9
    10

         2 21 JAN 2026 Wed      270     12     11     13     12     11     11     11     13      9     12     11     17     12      8      9     11     14     10      9     11     11     13     10
     9

         1 22 JAN 2026 Thu       90     13      3      1      2      1      2      2      1      4      5      6      3      4      3      4      4      3      3      2      4      3      2      7
     8

         2 22 JAN 2026 Thu       69      9      6      1      1      3      1      1      3      5      4      2      1      2      3      1      2      2      3      3      1      3      1      4
     7

         3 22 JAN 2026 Thu       82     11      4      1      2      2      1      1      1      6      4      4      2      2      4      3      4      3      1      3      3      4      5      3
     8

         4 22 JAN 2026 Thu       72      6      5      2      1      2      1      3      2      5      3      2      2      3      2      4      2      4      1      2      4      2      1      4
     9

         5 22 JAN 2026 Thu       81      5      6      3      1      1      2      1      1      6      2      2      3      2      1      2      2      2      2      4      4      4      1      6
    18

         1 23 JAN 2026 Fri       95      8      5      6      4      4      4      3      4      3      3      4      4      3      4      3      3      4      3      3      3      2      5      6
     4

         2 23 JAN 2026 Fri       86      8      6      4      4      3      3      3      2      3      4      3      3      4      2      4      3      3      3      4      3      2      5      4
     3

         3 23 JAN 2026 Fri       90      8      6      4      4      3      3      4      3      3      4      4      3      3      3      4      3      3      4      3      3      3      5      3
     4

         4 23 JAN 2026 Fri       88      9      6      5      4      4      4      3      2      3      3      4      3      3      2      3      3      3      4      3      3      2      5      4
     3

         5 23 JAN 2026 Fri      243     24     16     14     11      8     10      8      8      8      8     10      9      7      6     10      9     10      9      9      9      6     14     10
    10

         1 24 JAN 2026 Sat       82      3      4      4      4      3      3      3      4      4      3      4      3      4      3      4      3      3      4      3      3      3      3      4
     3

         2 24 JAN 2026 Sat       85      3      4      5      4      3      3      4      3      4      4      4      3      4      4      3      3      4      3      3      4      3      3      4
     3

         3 24 JAN 2026 Sat       86      4      4      3      5      4      3      4      4      4      3      4      3      3      4      4      4      3      4      3      3      3      3      4
     3

         4 24 JAN 2026 Sat       82      4      3      4      4      3      3      3      5      4      3      4      3      3      3      4      3      3      3      3      4      2      4      3
     4

         5 24 JAN 2026 Sat      241     10     11     11     11      9      9     11     11     11     11     10      9     11      9     10      9     10     10      9     10      8     10     11
    10

         1 25 JAN 2026 Sun       77      4      2      3      1      2      3      3      3      3      4      3      3      3      4      3      5      3      3      4      3      3      4      4
     4

         2 25 JAN 2026 Sun       79      4      2      3      2      1      4      2      4      2      3      4      3      3      4      3      3      4      4      3      3      3      4      5
     6

         3 25 JAN 2026 Sun       76      4      3      2      2      3      3      3      3      2      4      4      3      3      3      3      4      3      4      3      4      3      3      4
     3

         4 25 JAN 2026 Sun       77      4      2      3      2      3      4      2      3      3      3      3      3      4      3      3      4      3      4      3      4      2      4      4
     4

         5 25 JAN 2026 Sun      204     11      8      7      5      4      9      6      8      6      9      9      7      8      9     10     10     10     10      9     10      8     10     11
    10

         1 26 JAN 2026 Mon      139      5      6      5      5      6      6      5      5      5      5      7      6      6      6      5      6      5      6      6      6      7      7      7
     6

         2 26 JAN 2026 Mon      136      5      5      5      5      5      5      6      5      5      4      5      6      5      6      5      6      6      8      6      6      7      7      6
     7

         3 26 JAN 2026 Mon      139      5      6      5      5      5      5      5      5      6      4      6      6      7      5      4      8      5      6      7      8      6      7      7
     6

         4 26 JAN 2026 Mon      148      5      6      3      6      6      5      6      4      8      5      7      6      7      5      5      8      5      7      7      6      9      9      7
     6

         5 26 JAN 2026 Mon      361     14     15     11     14     15     14     12     12     14     10     13     16     15     11     11     24     15     18     17     17     18     18     19
    18

         1 27 JAN 2026 Tue      163      6      8      7      6      7      7      6      7      6      6      7      7      8      7      6      7      7      6      8      7      7      7      7
     6

         2 27 JAN 2026 Tue      157      7      6      7      7      6      6      6      7      6      6      7      6      7      7      6      7      6      7      6      8      7      6      7
     6

         3 27 JAN 2026 Tue      161      8      6      6      6      8      6      6      7      7      6      8      7      6      7      6      8      6      7      7      7      6      7      7
     6

         4 27 JAN 2026 Tue      164      7      6      7      6      7      6      7      7      7      7      7      7      7      6      8      6      7      7      7      7      7      7      7
     7

         5 27 JAN 2026 Tue      447     20     18     18     18     18     17     19     19     17     18     20     20     20     19     19     18     18     18     19     20     18     18     20
    18

         1 28 JAN 2026 Wed      164      7      7      7      7      6      6      7      6      6      7      7      6      7      7      9      6      8      7      6      7      6      7      7
     8

         2 28 JAN 2026 Wed      161      7      6      7      7      7      6      6      7      6      7      7      6      7      6      7      7      7      7      8      6      6      7      7
     7

         3 28 JAN 2026 Wed      166      7      7      7      7      6      6      7      7      6      7      7      8      6      8      8      6      8      7      7      6      6      7      8
     7

         4 28 JAN 2026 Wed      161      8      6      6      7      7      6      6      6      6      7      7      7      7      7      6      7      7      7      7      6      7      7      7
     7

         5 28 JAN 2026 Wed      457     20     18     19     20     18     18     18     19     18     19     20     18     19     20     19     19     20     20     19     19     18     17     21
    21

         1 29 JAN 2026 Thu      166      7      7      7      7      6      7      7      7      6      7      7      6      6      8      9      7      7      6      7      8      7      7      6
     7

         2 29 JAN 2026 Thu      161      8      7      7      6      7      6      7      6      6      7      6      6      6      7      7      8      6      6      7      9      6      7      6
     7

         3 29 JAN 2026 Thu      167      6      8      7      7      7      7      7      8      7      7      7      6      6      7      8      7      7      6      7      7      8      6      7
     7

         4 29 JAN 2026 Thu      162      8      6      7      7      6      7      8      6      6      8      6      6      6      7      8      6      7      7      6      8      6      6      7
     7

         5 29 JAN 2026 Thu      450     20     20     19     19     17     19     19     18     17     20     18     18     17     19     19     20     18     19     18     21     20     18     18
    19

         1 30 JAN 2026 Fri      155      7      7      6      6      5      6      6      7      6      6      7      7      8      6      6      6      7      6      7      7      6      6      7
     7

         2 30 JAN 2026 Fri      152      5      6      7      5      6      7      5      7      7      5      7      6      7      6      6      8      6      6      7      6      6      7      6
     8

         3 30 JAN 2026 Fri      154      5      8      6      5      5      6      7      6      8      7      6      6      7      7      7      7      6      6      6      7      6      6      6
     8

         4 30 JAN 2026 Fri      153      7      6      6      5      5      7      5      9      6      8      7      6      7      6      6      6      6      6      6      6      6      7      6
     8

         5 30 JAN 2026 Fri      400     15     16     17     14     16     17     15     17     14     16     17     16     18     16     19     17     15     17     16     19     15     19     18
    21

         1 31 JAN 2026 Sat      164      7      7      5      8      7      6      7      8      8      6      7      7      6      7      7      6      7      7      8      7      7      6      6
     7

         2 31 JAN 2026 Sat      161      7      6      5      7      6      7      7      7      7      6      8      7      7      7      6      8      7      7      7      8      6      7      5
     6

         3 31 JAN 2026 Sat      168      8      6      6      7      7      7      8      8      7      7      7      7      6      9      7      7      8      7      7      7      7      6      6
     6

         4 31 JAN 2026 Sat      165      6      7      5      7      8      6      7      8      7      8      8      7      8      7      8      6      7      7      7      7      6      6      6
     6

         5 31 JAN 2026 Sat      442     18     18     15     19     19     18     18     21     19     18     19     19     18     21     21     19     20     18     18     18     19     17     15
    17

         1 01 FEB 2026 Sun      161      8      7      8      7      7      6      6      7      7      7      8      7      6      5      8      5      7      6      7      7      7      6      6
     6

         2 01 FEB 2026 Sun      160      7      7      7      7      8      5      7      5      8      7      7      7      6      7      6      6      6      8      6      6      6      7      7
     7

         3 01 FEB 2026 Sun      162      7      8      7      7      7      8      6      7      7      7      7      7      7      6      6      7      6      6      7      6      5      6      7
     8

         4 01 FEB 2026 Sun      158      5      7      7      7      7      7      9      6      7      6      8      6      6      6      5      6      6      6      7      7      7      7      7
     6

         5 01 FEB 2026 Sun      403     16     18     20     17     20     16     17     16     19     19     19     18     16     15     15     13     16     15     15     15     15     18     17
    18

         1 02 FEB 2026 Mon      159      5      8      9      7      7      7      7      7      7      6      7      6      6      7      5      6      5      6      6      9      6      6      8
     6

         2 02 FEB 2026 Mon      155      5      8      8      8      7      5      8      7      6      6      4      8      7      6      5      5      6      5      7      6      6      8      8
     6

         3 02 FEB 2026 Mon      159      4      8      9      8      7      7      7      7      6      8      6      6      7      7      6      6      6      7      6      7      5      6      6
     7

         4 02 FEB 2026 Mon      154      7      6      8      7      8      5      6      6      6      8      7      5      7      7      5      5      5      7      7      5      6      6      7
     8

         5 02 FEB 2026 Mon      359     12     19     22     19     19     16     16     14     17     16      9     11     16     15     11     11     14     11     16     12     16     15     17
    15

         1 03 FEB 2026 Tue      166      5      7      5      6      5      6     12      7      6      8      7      7      5      6      8      7      9      7      7      6      7      9      7
     7

         2 03 FEB 2026 Tue      156      6      5      6      5      7      5      6      6      7      6      8      7      6      6      8      6      7      9      6      6      8      6      7
     7

         3 03 FEB 2026 Tue      157      7      7      6      5      6      6      6      7      5      7      7      7      6      6      6      7      7      8      6      8      7      7      7
     6

         4 03 FEB 2026 Tue      163      6      6      5      7      6      6      7      6      6      8      7      7      7      5      6      8      7      9      7      7      8      8      7
     7

         5 03 FEB 2026 Tue      405     16     11     15     13     15     16     18     17     17     17     19     20     16     15     16     20     18     18     16     17     20     18     18
    19

         1 04 FEB 2026 Wed      180      8      8      6      8      8      7     11      8      8      6      7      8      6      7      6      9      7      9      7      8      7      7      7
     7

         2 04 FEB 2026 Wed      177      8      8      7      8      7      9      7      8      7      5      8      7      7      7      8      6      7      8      8      8      7      8      7
     7

         3 04 FEB 2026 Wed      172      8      7      6      8      7      9      8      8      5      6      7      7      7      8      6      7      9      8      7      7      6      6      7
     8

         4 04 FEB 2026 Wed      171      7      7      6      8      7      8      6      7      7      6     10      7      6      8      7      6      8      6      9      7      7      7      6
     8

         5 04 FEB 2026 Wed      440     20     19     19     23     20     22     17     19     16     16     16     17     16     17     18     19     19     17     19     18     17     17     20
    19

         1 05 FEB 2026 Thu      176      7      6      6      8     10      6      8      8      7      9      7      8      7      7      7      6      7      6      9      8      7      8      6
     8

         2 05 FEB 2026 Thu      170      7      6      8      6      7      7      7      8      8      7      7      6      7      6      7      7      7      8      8      7      7      7      8
     7

         3 05 FEB 2026 Thu      178      8      7      7      7      7      8      9      8      8      7      8      7      7      7      7      7      8      7      8      7      7      8      7
     7

         4 05 FEB 2026 Thu      169      8      6      6      6      8      6      7      7      7      8      7      7      7      8      7      7      7      7      8      6      7      8      7
     7

         5 05 FEB 2026 Thu      465     19     17     17     18     20     19     19     20     20     19     20     18     19     20     20     19     20     19     23     19     20     21     18
    21

         1 06 FEB 2026 Fri      179      8      7      7      7      8      7      8      7      8      8      7      7      7      8      8      6      7      9      7      8      8      7      8
     7

         2 06 FEB 2026 Fri      176      8      8      6      7      7      6      8      7      7      7      7      8      7      8      7      6      8      8      7      9      8      7      8
     7

         3 06 FEB 2026 Fri      177      7      8      7      6      7      7      7      7      7      7      8      7      7      9      6      6      9      8      8      7      9      8      8
     7

         4 06 FEB 2026 Fri      178      9      8      7      6      8      8      7      7      6      7      8      7      9      7      6      6      7      8      8      9      8      8      6
     8

         5 06 FEB 2026 Fri      471     21     22     19     18     20     20     18     18     18     19     19     19     19     20     17     14     22     22     21     23     23     20     19
    20

         1 07 FEB 2026 Sat      169      7      8      6      7      8      7      8      8      7      8      8      9      8      6      7      8      8      6      6      4      7      5      6
     7

         2 07 FEB 2026 Sat      165      7      8      7      6      8      8      8      7      6      8      8      8      8      7      8      8      8      6      4      6      6      4      5
     6

         3 07 FEB 2026 Sat      172     11      7      6      8      7     10      7      7      7      8      7      9      7      7      8      9      7      8      7      4      6      6      4
     5

         4 07 FEB 2026 Sat      171      8      8      7      7      8      7      8      7      7      7      7      8      7      7      7      9      8      7      4      9      7      7      6
     4

         5 07 FEB 2026 Sat      387     19     21     17     19     22     20     21     20     18     22     20     21     21     19     19     24     22     13      5      6      4      5      4
     5

         1 08 FEB 2026 Sun      126      5      5      5      3      5      4      8      6      4      4      6      6      5      6      6      5      5      5      7      5      4      4      5
     8

         2 08 FEB 2026 Sun      119      6      6      4      3      4      5      5      4      4      5      6      6      6      5      5      4      3      4      6      6      5      6      4
     7

         3 08 FEB 2026 Sun      130      6      4      5      3      4      4      7      7      6      6      6      6      5      5      5      5      5      6      6      5      6      7      5
     6

         4 08 FEB 2026 Sun      123      7      5      3      4      6      7      8      5      5      5      4      3      6      6      4      5      5      6      5      5      5      3      6
     5

         5 08 FEB 2026 Sun      120      6      4      4      7      4      3      5      5      7      5      4      5      6      5      5      4      5      7      4      6      4      5      4
     6

         1 09 FEB 2026 Mon      297     18     15     14     16     16     15     17     16     16     16     15     13     17     18     17     11      6      5      6      6      6      7      6
     5

         2 09 FEB 2026 Mon      151      8      8      6      7      6      6      6      7      6      6      6      6      6      7      7      5      4      5      7      6      8      7      5
     6

         3 09 FEB 2026 Mon      157      7      5      7      7      7      6      6      6      6      6      8      7      8      8      8      7      7      5      6      8      5      6      4
     7

         4 09 FEB 2026 Mon      159      6      6      5      7      6      7      7      6      6      7      6      7      8     10      7      7      7      7      5      7      7      7      6
     5

         5 09 FEB 2026 Mon      154      8      6      6      5      7      6      7      6      7      6      7      6      6      8      6      7      5      5      6      5      7      4      7
    11

         1 10 FEB 2026 Tue      168      9      8      8      8     10      8     10      7      8      8      8      8      7      6      7      4      6      5      4      5      5      7      6
     6

         2 10 FEB 2026 Tue      162      8      8      9      6      8      7      7     11      8      7      5      5      5      6      8      4      4      6      6      5      7     10      5
     7

         3 10 FEB 2026 Tue      171      9      8      7      7      8      8      8      7      8      7     10      9      7      5      5      8      5      8      8      4      7      6      6
     6

         4 10 FEB 2026 Tue      168      9      8      8      7      7      7      9      7      8      7      9      5      6     10      5      7      5      6      6      4      5      7      5
    11

         5 10 FEB 2026 Tue      287     25     23     22     19     20     19     18     18     21     17      7      8      7      7      5      4      7      6      6      5      6      5      5
     7

         1 11 FEB 2026 Wed      176      9     10      7      7      8      7      9      7      8      9      7      6      6      7      8      7      5      5      6      8      4      8      9
     9

         2 11 FEB 2026 Wed      166     10      7      8      7      8      7      9      7      8      8      8      5      5     10      5      7      6      7      6      5      6      6      7
     4

         3 11 FEB 2026 Wed      178     10      8      9      8      7     10     10     11      7      8      6      7      6      6      7      8      6      7      7      6      5      6      7
     6

         4 11 FEB 2026 Wed      299     20     21     22     21     20     20     22     20     19     22      9      5      6      6      6      8      6      6      8      7      6      6      7
     6

         5 11 FEB 2026 Wed      166      9      8      8      8      8      8      8      9      7      8      7      6      5      5      5      7      6      5      7      9      6      7      4
     6

         1 12 FEB 2026 Thu      182     18     18     15     15     16     16     17     15     16     16     18      2      0      0      0      0      0      0      0      0      0      0      0
     0

         2 12 FEB 2026 Thu       83      8      6      6      7      6      7      8      9     10      9      6      1      0      0      0      0      0      0      0      0      0      0      0
     0

         3 12 FEB 2026 Thu       85      7      9      7      5      9      7      8      8      8      7      9      1      0      0      0      0      0      0      0      0      0      0      0
     0

         4 12 FEB 2026 Thu       78      8      8      6      6      6      6      8      7      7      7      8      1      0      0      0      0      0      0      0      0      0      0      0
     0

         5 12 FEB 2026 Thu       82      8      7      7      6      7      8      8      8      5     10      7      1      0      0      0      0      0      0      0      0      0      0      0
     0

                           -------- ------ ------ ------ ------ ------ ------ ------ ------ ------ ------ ------ ------ ------ ------ ------ ------ ------ ------ ------ ------ ------ ------ ------
------

maximum                         782     37     35     32     29     31     34     57     65     40     59     65     50     48     58     43     36     52     59    145     42     39     39     44
    40


   THREAD# DATE               NUM         GB         MB         KB
---------- ----------- ---------- ---------- ---------- ----------
         1 14 NOV 2025         99         21      21854 22379062.5
         2 14 NOV 2025         92         19      20273 20759888.5
         1 15 NOV 2025         67         14      14818   15174423
         2 15 NOV 2025         78         16      17312 17728462.5
         1 16 NOV 2025         72         15      15729 16107089.5
         2 16 NOV 2025         77         16      17028 17437230.5
         1 17 NOV 2025        109         23      23995   24571225
         2 17 NOV 2025        108         23      23676   24244819
         1 18 NOV 2025         90         19      19942 20420807.5
         2 18 NOV 2025         90         19      19899 20376728.5
         1 19 NOV 2025         81         17      17889 18318753.5
         2 19 NOV 2025         92         19      20233 20718711.5
         1 20 NOV 2025         88         18      18878   19331394
         2 20 NOV 2025         91         19      20223   20708841
         1 21 NOV 2025        124         26      27496 28156152.5
         2 21 NOV 2025        124         26      27293   27948481
         1 22 NOV 2025         73         15      15965   16349152
         2 22 NOV 2025         81         17      17908 18338189.5
         1 23 NOV 2025         77         16      17174   17586631
         2 23 NOV 2025         79         16      17288 17703128.5
         1 24 NOV 2025        125         27      27991   28663362
         2 24 NOV 2025        125         26      27553 28215193.5
         1 25 NOV 2025         94         20      20839   21340029
         2 25 NOV 2025        100         21      22026   22554888
         1 26 NOV 2025        130         28      28810 29502317.5
         2 26 NOV 2025        134         29      29750   30464767
         1 27 NOV 2025        124         26      27185   27838130
         2 27 NOV 2025        145         31      32339   33115890
         1 28 NOV 2025        136         29      29813 30529139.5
         2 28 NOV 2025        142         30      31581   32339128
         1 29 NOV 2025        113         24      24929   25527475
         2 29 NOV 2025        115         24      25456   26067357
         1 30 NOV 2025        345         75      77263 79117540.5
         2 30 NOV 2025        401         90      92600 94823377.5
         1 01 DEC 2025        671        150     153672  157361082
         2 01 DEC 2025        617        136     140192  143556747
         1 02 DEC 2025        629        138     142306  145721898
         2 02 DEC 2025        606        134     137410  140708598
         1 03 DEC 2025        589        130     133348  136548899
         2 03 DEC 2025        574        127     130191  133316003
         1 04 DEC 2025        647        144     147654  151198123
         2 04 DEC 2025        587        128     131735  134897001
         1 05 DEC 2025        733        165     169158  173218030
         2 05 DEC 2025        691        154     158022  161815131
         1 06 DEC 2025        628        138     141981  145389249
         2 06 DEC 2025        600        132     135800  139059742
         1 07 DEC 2025        607        134     137242  140535815
         2 07 DEC 2025        566        124     127504  130565016
         1 08 DEC 2025        651        145     148787  152358308
         2 08 DEC 2025        602        133     136219  139489097
         1 09 DEC 2025        772        174     179176  183476935
         2 09 DEC 2025        701        155     159738  163571771
         1 10 DEC 2025        717        161     165024  168985043
         2 10 DEC 2025        636        141     144537  148006694
         1 11 DEC 2025        782        176     180775  185114339
         2 11 DEC 2025        715        159     162920  166831035
         1 12 DEC 2025        731        164     167970  172002159
         2 12 DEC 2025        715        159     163567  167493327
         1 13 DEC 2025        677        151     154797  158512518
         2 13 DEC 2025        641        142     146249  149759694
         1 14 DEC 2025        724        162     166445  170439744
         2 14 DEC 2025        669        148     151838  155482450
         1 15 DEC 2025        698        156     160711  164568076
         2 15 DEC 2025        654        145     149212  152793094
         1 16 DEC 2025        696        173     178005  182277607
         2 16 DEC 2025        623        148     151977  155624961
         1 17 DEC 2025        238        161     165111  169073682
         2 17 DEC 2025        215        145     149223  152804696
         1 18 DEC 2025        277        188     192520  197140755
         2 18 DEC 2025        242        163     167598  171620786
         1 19 DEC 2025        253        171     176034  180259190
         2 19 DEC 2025        221        149     153508  157192278
         1 20 DEC 2025        251        170     174506  178694783
         2 20 DEC 2025        229        155     159168  162988500
         1 21 DEC 2025        244        165     169710  173783396
         2 21 DEC 2025        220        148     152560  156221582
         1 22 DEC 2025        266        180     184887  189324795
         2 22 DEC 2025        264        179     183480  187884287
         1 23 DEC 2025        257        174     178600  182887375
         2 23 DEC 2025        228        154     158436  162239120
         1 24 DEC 2025        273        184     188552  193078208
         2 24 DEC 2025        274        181     185912  190374234
         1 25 DEC 2025        241        162     166841  170845726
         2 25 DEC 2025        237        160     164819  168775448
         1 26 DEC 2025        233        158     162085  165975429
         2 26 DEC 2025        218        147     151156  154784078
         1 27 DEC 2025        228        154     158476  162280364
         2 27 DEC 2025        207        140     143850  147302818
         1 28 DEC 2025        259        175     180132  184455533
         2 28 DEC 2025        266        180     184648  189079665
         1 29 DEC 2025        264        179     183546  187951655
         2 29 DEC 2025        268        181     186272  190743335
         1 30 DEC 2025        280        190     194861  199538569
         2 30 DEC 2025        272        184     188624  193151617
         1 31 DEC 2025        268        181     186231  190701055
         2 31 DEC 2025        284        192     197585  202327793
         1 01 JAN 2026        253        171     175515  179728036
         2 01 JAN 2026        248        168     172251  176385901
         1 02 JAN 2026        212        141     145044  148525784
         2 02 JAN 2026        204        136     140008  143368824
         1 03 JAN 2026        246        165     169800  173876210
         2 03 JAN 2026        279        189     194082  198740575
         1 04 JAN 2026        316        214     219412  224678788
         2 04 JAN 2026        308        208     213646  218773904
         1 05 JAN 2026        297        199     204729  209642745
         2 05 JAN 2026        322        217     222999  228351940
         1 06 JAN 2026        289        195     200263  205070028
         2 06 JAN 2026        307        208     213269  218388249
         1 07 JAN 2026        342        227     232742  238328393
         2 07 JAN 2026        345        229     234559  240189040
         1 08 JAN 2026        288        195     199686  204478845
         2 08 JAN 2026        273        184     188590  193116342
         1 09 JAN 2026        322        213     219110  224369439
         2 09 JAN 2026        319        211     217057  222266729
         1 10 JAN 2026        316        213     218989  224245216
         2 10 JAN 2026        324        219     225233  230638646
         1 11 JAN 2026        293        198     203256  208134783
         2 11 JAN 2026        309        210     215097  220259754
         1 12 JAN 2026        309        208     213537  218662742
         2 12 JAN 2026        328        222     227887  233356385
         1 13 JAN 2026        269        181     185878  190339236
         2 13 JAN 2026        283        191     195747  200445052
         1 14 JAN 2026        309        208     213171  218287614
         2 14 JAN 2026        318        215     220487  225779601
         1 15 JAN 2026        310        210     215227  220393009
         2 15 JAN 2026        326        221     226662  232102045
         1 16 JAN 2026        279        188     192744  197370129
         2 16 JAN 2026        294        198     203153  208028980
         1 17 JAN 2026        286        193     197932  202682426
         2 17 JAN 2026        296        200     205543  210476926
         1 18 JAN 2026        295        200     204936  209855104
         2 18 JAN 2026        302        204     209608  214639514
         1 19 JAN 2026        327        221     227112  232562695
         2 19 JAN 2026        314        212     217559  222781334
         1 20 JAN 2026        269        181     186150  190618316
         2 20 JAN 2026        261        176     180696  185032889
         1 21 JAN 2026        270        182     186705  191186872
         2 21 JAN 2026        270        182     187333  191829382
         1 22 JAN 2026         90         48      49175 50355427.5
         2 22 JAN 2026         69         27      28142 28817863.5
         3 22 JAN 2026         82         46      47483 48622682.5
         4 22 JAN 2026         72         36      37102   37992463
         5 22 JAN 2026         81         46      47466   48605355
         1 23 JAN 2026         95         39      40780   41759729
         2 23 JAN 2026         86         30      30779   31518331
         3 23 JAN 2026         90         32      32791 33578218.5
         4 23 JAN 2026         88         35      36628   37508089
         5 23 JAN 2026        243        165     169047  173104522
         1 24 JAN 2026         82         31      32494   33274632
         2 24 JAN 2026         85         30      31167 31915297.5
         3 24 JAN 2026         86         33      33814 34625855.5
         4 24 JAN 2026         82         27      28644 29331876.5
         5 24 JAN 2026        241        163     167511  171531836
         1 25 JAN 2026         77         31      32216 32989746.5
         2 25 JAN 2026         79         38      39044 39981957.5
         3 25 JAN 2026         76         31      32438   33217151
         4 25 JAN 2026         77         32      33013   33805700
         5 25 JAN 2026        204        138     141620  145019132
         1 26 JAN 2026        139         64      66097 67683704.5
         2 26 JAN 2026        136         64      65572 67145826.5
         3 26 JAN 2026        139         66      67797   69424189
         4 26 JAN 2026        148         73      75661   77477844
         5 26 JAN 2026        361        244     250692  256708951
         1 27 JAN 2026        163         73      75116 76918838.5
         2 27 JAN 2026        157         64      66176   67764249
         3 27 JAN 2026        161         73      74933   76732343
         4 27 JAN 2026        164         69      70689 72385966.5
         5 27 JAN 2026        447        304     311789  319272235
         1 28 JAN 2026        164         72      73923 75697807.5
         2 28 JAN 2026        161         70      72220 73954066.5
         3 28 JAN 2026        166         71      73259 75017956.5
         4 28 JAN 2026        161         63      65443   67014255
         5 28 JAN 2026        457        311     318593  326239532
         1 29 JAN 2026        166         73      74769   76564249
         2 29 JAN 2026        161         65      67548   69169833
         3 29 JAN 2026        167         77      79176   81076268
         4 29 JAN 2026        162         66      68071   69705006
         5 29 JAN 2026        450        306     313866  321399266
         1 30 JAN 2026        155         73      75651   77467642
         2 30 JAN 2026        152         73      75522   77335166
         3 30 JAN 2026        154         72      74300 76084112.5
         4 30 JAN 2026        153         73      75122 76925363.5
         5 30 JAN 2026        400        272     278868  285561471
         1 31 JAN 2026        164         77      79155   81055226
         2 31 JAN 2026        161         71      72824 74572696.5
         3 31 JAN 2026        168         78      80456 82387389.5
         4 31 JAN 2026        165         75      77512 79372374.5
         5 31 JAN 2026        442        301     308313  315712993
         1 01 FEB 2026        161         78      79899 81817357.5
         2 01 FEB 2026        160         80      82656   84640285
         3 01 FEB 2026        162         82      84922 86960457.5
         4 01 FEB 2026        158         78      80774   82712634
         5 01 FEB 2026        403        274     280895  287637221
         1 02 FEB 2026        159         85      88054 90167956.5
         2 02 FEB 2026        155         80      82325   84301184
         3 02 FEB 2026        159         80      82016 83984506.5
         4 02 FEB 2026        154         76      78482   80366405
         5 02 FEB 2026        359        244     250268  256274803
         1 03 FEB 2026        166         83      85406   87456437
         2 03 FEB 2026        156         78      80622 82557896.5
         3 03 FEB 2026        157         71      73594 75361205.5
         4 03 FEB 2026        163         80      82668   84652362
         5 03 FEB 2026        405        275     281778  288541566
         1 04 FEB 2026        180         88      90743   92920867
         2 04 FEB 2026        177         86      88833 90965361.5
         3 04 FEB 2026        172         76      77834 79702669.5
         4 04 FEB 2026        171         77      79375 81280555.5
         5 04 FEB 2026        440        299     306850  314214674
         1 05 FEB 2026        176         82      84008 86025167.5
         2 05 FEB 2026        170         77      79408   81314463
         3 05 FEB 2026        178         81      83865 85878317.5
         4 05 FEB 2026        169         72      73940 75714603.5
         5 05 FEB 2026        465        316     324434  332221150
         1 06 FEB 2026        179         80      82584 84566893.5
         2 06 FEB 2026        176         76      78414 80296276.5
         3 06 FEB 2026        177         83      85276   87323205
         4 06 FEB 2026        178         83      85564 87617937.5
         5 06 FEB 2026        471        320     328617  336504527
         1 07 FEB 2026        169         81      83907   85921195
         2 07 FEB 2026        165         78      80411   82340981
         3 07 FEB 2026        172         83      85239 87285611.5
         4 07 FEB 2026        171         83      85689 87745846.5
         5 07 FEB 2026        387        261     268006  274439144
         1 08 FEB 2026        126         83      85737 87795171.5
         2 08 FEB 2026        119         75      77739 79605719.5
         3 08 FEB 2026        130         82      84974   87013391
         4 08 FEB 2026        123         81      83153 85149531.5
         5 08 FEB 2026        120         77      79867 81784033.5
         1 09 FEB 2026        297        200     204891  209808779
         2 09 FEB 2026        151         84      86513 88589825.5
         3 09 FEB 2026        157         91      94035 96292161.5
         4 09 FEB 2026        159         91      93312   95552293
         5 09 FEB 2026        154         84      86910 88996002.5
         1 10 FEB 2026        168         95      97967  100319166
         2 10 FEB 2026        162         87      89151 91291048.5
         3 10 FEB 2026        171         94      96545   98862293
         4 10 FEB 2026        168         94      96993   99321583
         5 10 FEB 2026        287        191     196400  201114223
         1 11 FEB 2026        176        100     103311  105791283
         2 11 FEB 2026        166         92      94445 96711981.5
         3 11 FEB 2026        178        108     110712  113369546
         4 11 FEB 2026        299        202     207624  212607288
         5 11 FEB 2026        166         94      96344 98656885.5
         1 12 FEB 2026        182        123     126798  129841917
         2 12 FEB 2026         83         46      47321   48457650
         3 12 FEB 2026         85         50      52199   53452555
         4 12 FEB 2026         78         41      42310 43326329.5
         5 12 FEB 2026         82         44      45119 46202691.5
                       ---------- ---------- ---------- ----------
sum                         65010      30059   30907698 3.1650E+10
